

TOKEN:::='if'	NUMBER OF OCCURENECE:=52
LINE NUMBERS::=0	14	24	30	33	38	48	78	94	100	107	115	122	128	134	139	144	151	156	157	165	166	174	178	182	186	190	192	201	203	211	213	222	226	230	234	238	243	248	253	256	260	277	282	287	292	304	310	313	319	324	328	

TOKEN:::='else'	NUMBER OF OCCURENECE:=37
LINE NUMBERS::=100	107	115	122	128	134	139	144	151	156	161	165	170	174	178	182	186	190	196	201	207	211	217	222	226	230	234	238	243	248	253	256	260	262	282	287	292	

TOKEN:::='switch'	NUMBER OF OCCURENECE:=2
LINE NUMBERS::=134	343	

TOKEN:::='break'	NUMBER OF OCCURENECE:=12
LINE NUMBERS::=49	144	311	317	322	326	331	346	348	350	352	354	

TOKEN:::='for'	NUMBER OF OCCURENECE:=13
LINE NUMBERS::=90	92	151	264	266	271	275	298	301	303	338	341	359	

TOKEN:::='+'	NUMBER OF OCCURENECE:=16
LINE NUMBERS::=98	104	112	119	126	132	137	142	148	154	156	157	278	283	288	293	

TOKEN:::='-'	NUMBER OF OCCURENECE:=3
LINE NUMBERS::=165	166	304	

TOKEN:::='*'	NUMBER OF OCCURENECE:=3
LINE NUMBERS::=70	174	186	

TOKEN:::='/'	NUMBER OF OCCURENECE:=13
LINE NUMBERS::=134	134	134	139	139	139	144	144	144	151	151	151	178	

TOKEN:::='%'	NUMBER OF OCCURENECE:=1
LINE NUMBERS::=182	

TOKEN:::='<'	NUMBER OF OCCURENECE:=10
LINE NUMBERS::=0	0	0	0	92	190	264	275	301	359	

TOKEN:::='<='	NUMBER OF OCCURENECE:=4
LINE NUMBERS::=90	271	298	338	

TOKEN:::='>'	NUMBER OF OCCURENECE:=5
LINE NUMBERS::=0	0	0	0	201	

TOKEN:::='>='	NUMBER OF OCCURENECE:=1
LINE NUMBERS::=304	

TOKEN:::='=='	NUMBER OF OCCURENECE:=110
LINE NUMBERS::=0	4	14	16	20	24	30	33	38	48	48	78	94	94	100	100	107	107	107	107	115	115	115	115	115	122	122	122	122	128	128	128	128	134	134	134	134	134	134	139	139	139	139	139	139	139	139	144	144	144	144	144	151	151	151	156	157	165	166	174	178	182	186	190	192	201	203	211	213	222	222	226	226	230	230	234	238	243	248	253	256	260	277	277	277	277	282	282	282	282	282	282	287	287	287	287	287	292	292	292	292	292	292	292	306	310	310	313	319	324	

TOKEN:::='!='	NUMBER OF OCCURENECE:=18
LINE NUMBERS::=6	6	6	6	6	6	6	20	27	36	45	45	84	256	266	303	328	341	

TOKEN:::='&&'	NUMBER OF OCCURENECE:=62
LINE NUMBERS::=6	6	6	6	6	45	94	100	107	107	107	115	115	115	115	122	122	122	128	128	128	134	134	134	134	134	139	139	139	139	139	139	139	144	144	144	144	151	151	222	226	230	277	277	277	282	282	282	282	282	287	287	287	287	292	292	292	292	292	292	304	313	

TOKEN:::='||'	NUMBER OF OCCURENECE:=3
LINE NUMBERS::=0	48	310	

TOKEN:::='='	NUMBER OF OCCURENECE:=88
LINE NUMBERS::=3	6	8	12	13	30	50	72	73	76	77	83	86	87	89	90	91	92	97	98	103	104	111	112	118	119	125	126	131	132	136	137	141	142	147	148	153	154	159	162	168	171	176	180	184	188	192	194	198	203	205	208	211	213	215	219	222	224	228	232	236	241	246	251	264	266	271	274	275	278	279	283	284	288	289	293	294	298	299	300	301	302	303	316	330	338	341	359	

TOKEN:::='++'	NUMBER OF OCCURENECE:=66
LINE NUMBERS::=5	9	10	17	21	22	26	28	32	35	39	41	43	46	50	51	90	92	96	102	110	117	124	130	135	140	146	152	158	161	167	170	175	179	183	187	193	197	204	207	214	218	223	227	231	235	240	245	250	254	257	261	264	266	271	275	298	301	303	308	309	315	321	338	341	359	

TOKEN:::='--'	NUMBER OF OCCURENECE:=1
LINE NUMBERS::=18	

TOKEN:::='{'	NUMBER OF OCCURENECE:=76
LINE NUMBERS::=1	3	6	7	15	25	31	33	34	37	56	61	68	79	85	93	95	101	102	108	109	116	117	123	129	135	140	145	146	152	157	158	161	166	167	170	175	179	183	187	191	193	196	202	204	207	212	214	218	223	227	231	235	239	243	244	249	265	267	276	278	283	288	293	299	302	304	305	307	314	320	325	329	339	340	344	

TOKEN:::='}'	NUMBER OF OCCURENECE:=80
LINE NUMBERS::=11	19	23	29	36	40	42	44	47	52	53	59	66	72	82	88	99	105	106	113	114	120	121	127	133	138	143	149	150	155	160	163	164	169	172	173	177	181	185	189	195	199	200	206	209	210	216	220	221	225	229	233	237	238	242	247	252	255	259	263	269	273	281	286	291	296	297	312	318	323	327	332	333	334	335	336	355	361	362	365	

TOKEN:::=','	NUMBER OF OCCURENECE:=52
LINE NUMBERS::=6	45	69	69	69	69	69	69	69	69	71	71	72	72	72	72	72	72	72	72	72	72	72	72	72	72	72	72	72	72	72	72	72	72	72	72	72	72	72	72	72	73	73	77	234	268	270	272	342	356	357	360	

TOKEN:::=';'	NUMBER OF OCCURENECE:=201
LINE NUMBERS::=3	5	6	8	9	10	12	13	17	18	21	22	26	28	32	35	39	41	43	45	46	48	49	50	51	54	57	58	59	62	63	64	65	66	69	70	71	72	73	74	75	76	77	80	81	83	86	87	89	90	90	91	92	92	96	97	98	102	103	104	110	111	112	117	118	119	124	125	126	130	131	132	135	136	137	140	141	142	146	147	148	152	153	154	158	159	161	162	167	168	170	171	175	176	179	180	183	184	187	188	193	194	197	198	204	205	207	208	214	215	218	219	223	224	227	228	231	232	235	236	240	241	245	246	248	250	251	254	257	261	262	264	264	265	266	266	268	270	271	271	272	274	275	275	278	279	280	283	284	285	288	289	290	293	294	295	298	298	299	300	301	301	302	303	303	308	309	311	315	316	317	321	322	326	330	331	337	338	338	339	341	341	342	345	346	347	348	349	350	351	352	353	354	356	357	358	359	359	360	363	364	

TOKEN:::='case'	NUMBER OF OCCURENECE:=4
LINE NUMBERS::=345	347	349	351	

TOKEN:::='goto'	NUMBER OF OCCURENECE:=0
LINE NUMBERS::=

TOKEN:::='continue'	NUMBER OF OCCURENECE:=1
LINE NUMBERS::=262	

TOKEN:::='while'	NUMBER OF OCCURENECE:=10
LINE NUMBERS::=2	4	6	16	20	27	36	45	84	306	

TOKEN:::='do'	NUMBER OF OCCURENECE:=0
LINE NUMBERS::=

IDENTIFIER CHECKING



k	int	1				NUMBER OF OCCURENCES ::=14
LINE NUMBERS:::=> 76	97	97	97	98	149	309	309	309	312	315	316	319	334	


total_size	int	1				NUMBER OF OCCURENCES ::=4
LINE NUMBERS:::=> 76	96	281	307	


ERROR PRESENT IN SYMBOL
8_er	int	1				NUMBER OF OCCURENCES ::=1
LINE NUMBERS:::=> 76	


_rt6_	int	1				NUMBER OF OCCURENCES ::=1
LINE NUMBERS:::=> 76	


ERROR PRESENT IN SYMBOL
#$tir	int	1				NUMBER OF OCCURENCES ::=1
LINE NUMBERS:::=> 76	


var_count	int	1				NUMBER OF OCCURENCES ::=8
LINE NUMBERS:::=> 13	17	18	60	76	280	304	344	


typ	int	1				NUMBER OF OCCURENCES ::=6
LINE NUMBERS:::=> 18	76	285	290	295	300	


ln	int	1				NUMBER OF OCCURENCES ::=3
LINE NUMBERS:::=> 76	306	322	


a	char	3				NUMBER OF OCCURENCES ::=132
LINE NUMBERS:::=> 5	5	9	11	11	11	11	11	11	11	13	19	21	25	27	31	34	37	40	43	45	47	54	54	57	57	78	93	101	101	107	107	114	114	114	114	122	122	122	122	122	129	129	129	129	129	135	135	135	135	141	141	141	141	141	141	145	145	145	145	145	145	145	145	149	149	149	149	149	149	155	155	155	159	160	168	169	177	181	185	189	193	195	204	206	214	216	224	224	228	228	232	232	236	240	245	250	255	257	260	262	266	283	283	283	283	288	288	288	288	288	288	288	293	293	293	293	293	293	298	298	298	298	298	298	298	310	312	316	319	325	330	


str	char	3				NUMBER OF OCCURENCES ::=1
LINE NUMBERS:::=> 78	


i	int	1				NUMBER OF OCCURENCES ::=116
LINE NUMBERS:::=> 5	5	9	10	11	11	11	11	11	11	11	13	14	19	21	22	23	25	26	27	28	29	31	33	34	35	37	39	40	42	43	45	46	47	48	50	52	54	54	55	57	57	59	59	80	83	93	96	99	101	122	141	145	272	272	272	274	277	277	277	278	281	281	281	283	283	283	283	283	284	284	288	288	288	288	288	288	289	289	293	293	293	293	293	294	294	298	298	298	298	298	298	298	299	299	307	307	307	308	310	310	312	314	316	319	325	330	336	347	347	347	348	365	365	365	366	


j	int	1				NUMBER OF OCCURENCES ::=132
LINE NUMBERS:::=> 8	13	15	17	80	99	99	99	101	101	105	105	107	107	111	111	114	114	114	114	119	119	122	122	122	122	122	126	126	129	129	129	129	133	133	135	135	135	135	139	139	141	141	141	141	141	141	143	143	145	145	145	145	145	145	145	145	147	147	149	149	149	149	149	152	152	155	155	155	157	157	159	160	168	169	177	181	185	189	193	195	204	206	214	216	224	224	228	228	232	232	236	240	245	250	255	256	257	258	260	261	262	263	266	270	270	270	272	274	276	277	278	304	304	304	309	312	316	319	321	322	334	344	344	344	347	348	349	362	363	365	366	


line_no	int	1				NUMBER OF OCCURENCES ::=36
LINE NUMBERS:::=> 80	104	110	118	125	132	138	142	146	151	156	162	165	171	174	179	183	187	191	197	201	208	211	218	221	226	230	234	238	243	248	253	267	305	322	327	